,Beijing,Chongqing,Fujian,Guangdong,Hubei,Shanghai,Shenzhen,Tianjin
Beijing,1.0,-0.006,0.098,-0.007,0.055,0.043,0.072,0.095
Chongqing,-0.006,1.0,0.009,-0.036,0.018,0.067,-0.034,-0.012
Fujian,0.098,0.009,1.0,-0.033,0.053,-0.014,0.024,-0.025
Guangdong,-0.007,-0.036,-0.033,1.0,-0.184,0.043,0.023,-0.056
Hubei,0.055,0.018,0.053,-0.184,1.0,-0.001,-0.01,-0.038
Shanghai,0.043,0.067,-0.014,0.043,-0.001,1.0,0.116,0.002
Shenzhen,0.072,-0.034,0.024,0.023,-0.01,0.116,1.0,-0.072
Tianjin,0.095,-0.012,-0.025,-0.056,-0.038,0.002,-0.072,1.0
