,Beijing,Chongqing,Fujian,Guangdong,Hubei,Shanghai,Shenzhen,Tianjin
Beijing,1.0,-0.005,0.017,0.087,-0.046,0.006,0.072,-0.101
Chongqing,-0.005,1.0,-0.017,0.028,0.058,0.0,-0.013,-0.006
Fujian,0.017,-0.017,1.0,0.019,0.028,0.055,0.044,-0.117
Guangdong,0.087,0.028,0.019,1.0,0.028,0.039,-0.033,0.096
Hubei,-0.046,0.058,0.028,0.028,1.0,-0.048,-0.022,0.037
Shanghai,0.006,0.0,0.055,0.039,-0.048,1.0,0.034,-0.01
Shenzhen,0.072,-0.013,0.044,-0.033,-0.022,0.034,1.0,-0.071
Tianjin,-0.101,-0.006,-0.117,0.096,0.037,-0.01,-0.071,1.0
